-0.04
-2.00
-1.30
-1.06
-1.17
-2.15
-0.67
-0.66
-0.12
-0.18
-1.15
-1.57
-1.54
-1.12
-0.73
-0.27
-0.28
-0.46
-0.24
0.69
0.44
0.14
0.22
-0.14
-0.35
-0.30
-1.34
-1.82
0.89
0.34
1.44
-0.22
-0.70
-0.16
-1.27
-0.43
-1.50
-0.24
-0.17
0.33
0.40
-0.28
0.65
0.16
1.02
-0.14
1.07
-0.17
-0.30
0.27
-0.02
0.08
-0.02
0.96
1.01
-0.07
1.38
0.86
0.74
0.20
-0.16
0.11
0.13
1.04
0.04
0.57
-0.79
0.56
0.37
0.53
0.86
1.05
0.98
-0.17
0.97
-0.01
-0.15
-1.40
0.28
0.04
0.30
0.90
1.01
-0.82
0.25
-0.43
0.35
0.17
-0.05
-1.48
-0.03
0.98
-0.1
0.64
0.19
0.02
0.36
-0.22
0.24
0.09
0.09
-0.22
-1.82
-0.67
-0.15
-0.31
-0.15
-0.50
-0.40
0.55
-0.26
0.40
-1.30
-0.82
-0.22
-0.01
-0.59
-0.38
0.04
-0.23
0.00
0.24
0.04
0.93
-0.56
0.07
-0.10
-1.40
-0.54
-0.70
-1.30
-0.16
-0.14
0.08
0.64
1.00
0.17
0.37
-0.30
-0.29
-0.14
-0.27
0.45
0.18
0.36
1.16
0.22
0.11
0.43
0.61
0.27
-1.88
-0.52
0.82
0.37
0.26
-0.48
-0.43
-0.42
0.39
0.85
-0.60
-0.28
-0.55
-0.01
-0.09
-10.99
-1.10
1.38
0.07
1.40
0.48
-0.08
0.83
0.42
0.28
-0.06
0.25
0.60
0.30
-11.64
-0.40
-1.89
-1.30
-1.70
0.29
1.06
-1.42
-24.33
0.35
1.60
0.60
0.55
-0.348
-0.30
1.11
0.11
-1.09
-0.15
-0.62
0.67
0.11
1.20
0.36
1.06
0.5
0.59
0.28
-1.30
-1.30
0.00
0.20
1.26
0.13
1.11
-0.78
0.89
-22.25
0.64
0.24
-0.16
-0.046
0.27
0.00
0.22
0.26
0.31
0.01
-2.00
0.58
-0.98
-0.10
-0.22
-0.29
0.06
-0.14
-0.01
0.36
1.51
0.23
0.79
0.20
0.08
-1.40
1.34
0.35
0.04
0.81
0.80
0.07
0.39
-0.25
1.13
-0.18
-0.44
-1.03
0.83
-0.75
-1.26
0.45
0.42
0.55
0.40
-0.63
-0.72
-1.10
0.48
-0.70
-0.77
0.00
-1.00
0.34
0.78
0.35
0.27
0.77
0.44
0.28
0.59
-9.62
0.61
-0.28
-1.60
0.63
0.49
-0.36
0.90
0.04
0.02
-0.06
-1.52
0.12
-0.13
0.36
-0.25
0.96
0.93
1.15
0.99
0.36
-0.92
0.53
-0.70
-21.62
0.88
-0.65
0.46
0.22
0.28
-1.23
-9.30
-1.42
-1.00
-0.40
-0.66
0.10
0.57
-0.93
0.23
0.00
0.24
1.14
0.52
1.37
0.97
-9.82
0.38
0.32
0.75
-0.64
0.69
0.78
-0.82
1.64
0.16
-0.10
0.39
0.52
0.00
1.03
0.61
0.41
1.08
-24.50
0.06
0.76
0.54
0.12
0.40
-0.03
0.30
0.44
-0.12
1.00
-0.52
0.05
-0.10
0.08
-0.14
-25.32
0.48
-0.55
-0.07
0.05
1.23
0.55
0.64
-0.23
-0.06
0.70
0.12
-1.52
-1.52
-0.19
-0.19
-0.76
-2.15
-2.09
-2.52
-0.95
-1.15
0.02
0.57
0.35
-0.55
-1.52
-2.69
-0.07
0.72
-0.84
-1.23
-0.83
-0.67
0.07
-1.03
-0.45
0.38
-0.14
-0.69
-0.49
0.31
0.04
0.32
-1.06
-1.89
-0.93
0.12
0.16
-0.48
0.92
0.18
-2.15
-1.54
-0.05
-0.04
-0.04
0.13
0.74
0.28
0.40
0.00
1.11
-0.16
-1.30
0.58
0.01
0.99
0.99
0.90
-0.16
-0.43
0.41
-0.22
-0.52
-0.09
0.56
-0.60
-0.30
-0.79
-0.41
-0.50
-0.59
-0.20
0.66
-0.04
0.11
0.81
0.48
-0.7
-1.14
0.09
-0.09
-0.17
0.53
-13.27
-0.57
-0.78
0.85
-0.03
-0.22
0.22
0.48
0.81
0.13
-0.14
0.83
0.57
-0.43
-0.70
0.60
-0.80
-0.47
0.43
0.85
-1.68
-0.29
-0.42
-0.10
-0.01
0.55
-0.18
-0.15
-0.15
-0.10
0.15
0.20
0.64
0.26
0.03
0.42
0.60
1.10
0.60
0.70
-0.80
-0.50
0.30
0.00
1.00
-1.10
-0.30
-0.90
0.80
1.30
-0.50
0.90
0.10
0.70
-0.80
-0.20
-0.90
-0.40
-1.70
0.70
-0.70
-0.40
0.00
-0.70
0.30
0.00
0.32
0.43
0.39
0.36
0.77
0.89
0.00
-1.39
-1.15
-0.13
-1.15
-1.00
-0.17
0.30
0.48
0.88
0.41
-0.15
-1.00
-0.42
0.36
-0.22
0.48
-0.37
0.49
0.46
0.11
0.85
0.32
1.26
0.62
-0.89
0.37
0.87
0.98
0.92
0.96
1.44
0.38
-0.87
-0.65
-1.30
-1.89
-1.39
0.47
0.58
0.33
0.41
-0.20
-0.02
-0.1
-0.06
-0.12
-0.34
-1.26
-2.09
-0.07
0.78
0.08
0.19
-0.78