-0.1
-25.32
1.64
0.9
-0.35
-11.64
-0.52
0.7
-0.34
-24.33
0.64
1.11
1.16
-2.69
1.01
-21.62
-0.12
-0.15
0.44
-9.3
-0.78
1.26
0.57
0.4
1.06
-0.28
0.36
0.01
-13.27
-0.03
-0.14
-1.4
-0.22
0.13
0.77
0.22
0.04
0.6
-2
-0.62
0.56
-24.5
0.81
0.65
0.19
0.37
-10.99
-22.25
-1.23
-9.82
1.07
0.47
-1
-0.09
0.52
-0.55
-0.3
-1.03
-1.7
-1.52
-2.15
1.34
0.22
0.76
-1.3
0.13
0.11
-1.1
-0.77
-0.06
0.29
-0.5
0.4
0.4
0.53
-0.89
0.81
-1.52
0.96
-1.4
-1.89
-2.52
0.17
-0.03
0.64
-1.23
-0.3
0.48
-0.7
0.86
-9.62
-0.43
-0.18
0.31
0.4
1.51
1.14
-0.14
0.07
-1.1
0.08
-1.14
-2.09
-0.8
-2
0.16
-0.69
-1.57
-1.82
-0.02
0.58
0.9
-1.34
-0.14
-0.38
-0.54
0.35
-0.23
1.23
-0.98
0.64
-0.9
0.55
-0.06
-1.03
1.01
0.83
-0.6
0
0.69
-0.25
0.3
0.77
-1.3
-0.7
-0.52
0.96
0.37
0.15
1.4
0.48
-1.89
-1.48
-0.36
0
-0.14
-0.6
-0.46
0.7
-0.82
0.46
-0.87
-0.22
0.28
0.44
-1.17
1.26
-0.83
-1.06
-0.16
-0.08
-0.66
-2.09
-0.31
0.4
0.55
-0.1
-0.57
0.04
-0.76
0.6
1.13
1.44
-1.12
0.61
0.56
-1.3
1.06
0.2
0.24
-0.93
-0.1
1.6
-1.42
0.97
0.09
0.18
0.12
1.1
-0.43
-0.2
0.33
0.11
-1.5
-0.7
-0.01
0.89
-0.09
0.57
-0.72
0.36
-0.04
-0.95
-1.15
1.11
-0.59
-0.75
0.74
0.31
-0.5
-0.16
-0.2
0.62
0.48
-0.67
0.81
-2.15
0.9
-0.92
-1.27
0.99
-0.4
0.85
0.66
-0.5
0.25
-0.16
-0.37
-1.88
0.35
0.82
-0.65
0.26
0.85
-0.7
1.38
-0.24
0.01
-0.59
0.16
0.5
-0.43
1.15
-1
-1.6
-0.4
-0.4
0.07
-1.42
0.41
0.23
-0.55
0.39
1.3
0.58
1.02
0.72
-0.55
-0.7
0.02
0.78
1.11
-0.28
0.52
0.38
0.92
-0.56
0.09
0.45
0.98
-1.15
0.11
-0.78
-0.15
-0.5
-0.12
-0.07
-0.01
-1.39
0.74
0.2
-1.09
0.28
-1.26
0.6
1.37
1.03
0.32
-0.03
-1.3
0.35
-0.17
0.07
-0.82
-1.68
-0.22
0.86
0.13
0.46
-0.49
1.38
0.41
0.69
0.75
0.87
-0.348
0.04
0.61
-0.13
0.32
-0.45
-0.26
1.05
-0.73
-0.8
-0.28
0
-0.25
1.2
0.28
0.3
0.55
-1.3
0.11
0.48
-0.1
0.98
-1.54
-0.1
0.43
1.04
-0.8
0.07
0.55
0.18
0.37
-0.05
0.85
-0.42
-0.48
-0.3
-0.63
0.64
-0.1
0.63
-0.02
-0.07
0.24
-0.41
-0.07
0.44
-0.24
-1.39
-0.14
-0.64
0.42
0.8
-0.22
-0.15
-0.3
0
0.38
1.08
0.83
-0.19
-0.22
0.43
0.89
-0.12
-0.47
-0.04
-0.15
0.49
0.34
0.93
-0.01
0.1
0.22
-0.78
0.23
0.39
0.79
-0.82
0.27
0.59
0.36
0.33
0.25
0.67
0
-0.67
-0.84
-0.9
0.3
-0.06
0.04
-0.28
-0.01
0.43
0.08
-0.7
-0.14
0.6
1
-1.1
-0.13
-0.79
0.28
0.39
0.48
0.22
1.44
-0.16
0.05
-0.29
0.88
0.19
0.99
0.88
-0.7
0.57
0.98
-1.4
-0.17
-0.29
-0.79
0.06
0.3
0.13
0.08
0.59
0.49
0.26
0.42
-0.1
-0.44
-1.26
-0.06
0.57
0.22
0.61
-0.65
0.32
0.54
0.28
0.7
0.12
0.2
0.53
-0.23
-1.52
0.11
-0.18
0.1
-0.16
0.03
-0.43
-0.52
0.92
-0.27
0.06
-1.52
-0.42
-1.3
-1.15
